A-203   676     633     0       211     142     1662    
C-57    0       0       0       0       0       0       
C-57    125     118     0       45      0       288     
A-7     0       0       0       0       0       0       
A-7     16      63      0       47      88      214     
C-59    16      0       0       0       0       16      
C-59    54      75      0       43      0       172     
A-115   0       0       0       0       0       0       
A-115   109     70      0       0       0       179     
A-90    0       0       0       0       0       0       
A-90    86      64      0       4       23      177     
C-74    25      80      0       9       0       114     
C-74    22      15      0       0       0       37      
A-210   28      36      0       52      0       116     
C-63    0       0       0       0       0       0       
C-63    85      12      0       0       0       97      
A-108   0       0       0       0       0       0       
A-108   39      19      0       0       31      89      
C-75    27      34      0       0       0       61      
C-75    0       0       0       0       0       0       
C-60    17      0       0       0       0       17      
C-60    24      11      0       0       0       35      
C-73    3       36      0       11      0       50      
C-73    0       0       0       0       0       0       
